name: cryptobot
channels:
  - conda-forge
  - defaults
dependencies:
  - blas=1.0=mkl
  - bottleneck=1.3.5=py310h9128911_0
  - bzip2=1.0.8=he774522_0
  - ca-certificates=2024.2.2=h56e8100_0
  - cudatoolkit=11.2.2=h7d7167e_13
  - cudnn=8.1.0.77=h3e0f4f4_0
  - icc_rt=2022.1.0=h6049295_2
  - intel-openmp=2024.0.0=h57928b3_49841
  - joblib=1.2.0=py310haa95532_0
  - libblas=3.9.0=1_h8933c1f_netlib
  - libcblas=3.9.0=5_hd5c7e75_netlib
  - libffi=3.4.4=hd77b12b_0
  - libhwloc=2.9.1=h51c2c0f_0
  - libiconv=1.17=hcfcfb64_2
  - liblapack=3.9.0=5_hd5c7e75_netlib
  - libta-lib=0.4.0=hcfcfb64_2
  - libxml2=2.10.4=h0ad7f3c_1
  - m2w64-gcc-libgfortran=5.3.0=6
  - m2w64-gcc-libs=5.3.0=7
  - m2w64-gcc-libs-core=5.3.0=7
  - m2w64-gmp=6.1.0=2
  - m2w64-libwinpthread-git=5.0.0.4634.697f757=2
  - mkl=2023.2.0=h6a75c08_49573
  - mkl-service=2.4.0=py310h2bbff1b_1
  - mkl_fft=1.3.8=py310h2bbff1b_0
  - mkl_random=1.2.4=py310h59b6b97_0
  - msys2-conda-epoch=20160418=1
  - numexpr=2.8.7=py310h2cd9be0_0
  - numpy-base=1.26.3=py310h65a83cf_0
  - openssl=3.2.1=hcfcfb64_0
  - pip=23.3.1=py310haa95532_0
  - pthreads-win32=2.9.1=hfa6e2cd_3
  - python=3.10.13=he1021f5_0
  - python-dateutil=2.8.2=pyhd3eb1b0_0
  - python-tzdata=2023.3=pyhd3eb1b0_0
  - python_abi=3.10=2_cp310
  - scikit-learn=1.3.0=py310h4ed8f06_1
  - scipy=1.11.4=py310h309d312_0
  - setuptools=68.2.2=py310haa95532_0
  - six=1.16.0=pyhd3eb1b0_1
  - sqlite=3.41.2=h2bbff1b_0
  - ta-lib=0.4.19=py310h9b08ddd_4
  - tbb=2021.9.0=h91493d7_0
  - threadpoolctl=2.2.0=pyh0d69192_0
  - tk=8.6.12=h2bbff1b_0
  - ucrt=10.0.22621.0=h57928b3_0
  - vc=14.2=h21ff451_1
  - vc14_runtime=14.38.33130=h82b7239_18
  - vs2015_runtime=14.38.33130=hcb4865c_18
  - wheel=0.41.2=py310haa95532_0
  - xz=5.4.5=h8cc25b3_0
  - zlib=1.2.13=h8cc25b3_0
  - pip:
      - absl-py==2.1.0
      - aiohttp==3.9.3
      - aiosignal==1.3.1
      - alpaca-py==0.14.0
      - alpaca-trade-api==3.2.0
      - annotated-types==0.6.0
      - astunparse==1.6.3
      - async-timeout==4.0.3
      - attrs==23.2.0
      - cachetools==5.3.2
      - certifi==2024.2.2
      - charset-normalizer==3.3.2
      - colorama==0.4.6
      - deprecation==2.1.0
      - flatbuffers==23.5.26
      - frozenlist==1.4.1
      - gast==0.4.0
      - google-auth==2.27.0
      - google-auth-oauthlib==0.4.6
      - google-pasta==0.2.0
      - grpcio==1.60.1
      - h5py==3.10.0
      - idna==3.6
      - keras==2.10.0
      - keras-preprocessing==1.1.2
      - libclang==16.0.6
      - markdown==3.5.2
      - markupsafe==2.1.5
      - ml-dtypes==0.2.0
      - msgpack==1.0.3
      - multidict==6.0.5
      - numpy==1.26.4
      - oauthlib==3.2.2
      - opt-einsum==3.3.0
      - packaging==23.2
      - pandas==2.2.0
      - protobuf==3.19.6
      - pyasn1==0.5.1
      - pyasn1-modules==0.3.0
      - pydantic==2.6.1
      - pydantic-core==2.16.2
      - pytz==2024.1
      - pyyaml==6.0.1
      - requests==2.31.0
      - requests-oauthlib==1.3.1
      - rsa==4.9
      - sseclient-py==1.8.0
      - tensorboard==2.10.1
      - tensorboard-data-server==0.6.1
      - tensorboard-plugin-wit==1.8.1
      - tensorflow==2.10.0
      - tensorflow-estimator==2.10.0
      - tensorflow-intel==2.15.0
      - tensorflow-io-gcs-filesystem==0.31.0
      - termcolor==2.4.0
      - tqdm==4.66.1
      - typing-extensions==4.9.0
      - tzdata==2023.4
      - urllib3==1.26.18
      - websocket-client==1.7.0
      - websockets==10.4
      - werkzeug==3.0.1
      - wrapt==1.14.1
      - yarl==1.9.4

