# This file may be used to create an environment using:
# $ conda create --name <env> --file <this file>
# platform: win-64
absl-py=2.1.0=pypi_0
aiohttp=3.9.3=pypi_0
aiosignal=1.3.1=pypi_0
alpaca-py=0.14.0=pypi_0
alpaca-trade-api=3.2.0=pypi_0
annotated-types=0.6.0=pypi_0
astunparse=1.6.3=pypi_0
async-timeout=4.0.3=pypi_0
attrs=23.2.0=pypi_0
bzip2=1.0.8=he774522_0
ca-certificates=2024.2.2=h56e8100_0
cachetools=5.3.2=pypi_0
certifi=2024.2.2=pypi_0
charset-normalizer=3.3.2=pypi_0
colorama=0.4.6=pypi_0
deprecation=2.1.0=pypi_0
flatbuffers=23.5.26=pypi_0
frozenlist=1.4.1=pypi_0
gast=0.5.4=pypi_0
google-auth=2.27.0=pypi_0
google-auth-oauthlib=1.2.0=pypi_0
google-pasta=0.2.0=pypi_0
grpcio=1.60.1=pypi_0
h5py=3.10.0=pypi_0
idna=3.6=pypi_0
intel-openmp=2024.0.0=h57928b3_49841
keras=2.15.0=pypi_0
libblas=3.9.0=21_win64_mkl
libcblas=3.9.0=21_win64_mkl
libclang=16.0.6=pypi_0
libffi=3.4.4=hd77b12b_0
libhwloc=2.9.1=h51c2c0f_0
libiconv=1.17=hcfcfb64_2
liblapack=3.9.0=21_win64_mkl
libta-lib=0.4.0=hcfcfb64_2
libxml2=2.10.4=h0ad7f3c_1
markdown=3.5.2=pypi_0
markupsafe=2.1.5=pypi_0
mkl=2024.0.0=h66d3029_49657
ml-dtypes=0.2.0=pypi_0
msgpack=1.0.3=pypi_0
multidict=6.0.5=pypi_0
numpy=1.26.4=pypi_0
oauthlib=3.2.2=pypi_0
openssl=3.2.1=hcfcfb64_0
opt-einsum=3.3.0=pypi_0
packaging=23.2=pypi_0
pandas=2.2.0=pypi_0
pip=23.3.1=py310haa95532_0
protobuf=4.23.4=pypi_0
pthreads-win32=2.9.1=hfa6e2cd_3
pyasn1=0.5.1=pypi_0
pyasn1-modules=0.3.0=pypi_0
pydantic=2.6.1=pypi_0
pydantic-core=2.16.2=pypi_0
python=3.10.13=he1021f5_0
python-dateutil=2.8.2=pypi_0
python_abi=3.10=2_cp310
pytz=2024.1=pypi_0
pyyaml=6.0.1=pypi_0
requests=2.31.0=pypi_0
requests-oauthlib=1.3.1=pypi_0
rsa=4.9=pypi_0
setuptools=68.2.2=py310haa95532_0
six=1.16.0=pypi_0
sqlite=3.41.2=h2bbff1b_0
sseclient-py=1.8.0=pypi_0
ta-lib=0.4.19=py310h9b08ddd_4
tbb=2021.9.0=h91493d7_0
tensorboard=2.15.1=pypi_0
tensorboard-data-server=0.7.2=pypi_0
tensorflow=2.15.0=pypi_0
tensorflow-estimator=2.15.0=pypi_0
tensorflow-intel=2.15.0=pypi_0
tensorflow-io-gcs-filesystem=0.31.0=pypi_0
termcolor=2.4.0=pypi_0
tk=8.6.12=h2bbff1b_0
tqdm=4.66.1=pypi_0
typing-extensions=4.9.0=pypi_0
tzdata=2023.4=pypi_0
ucrt=10.0.22621.0=h57928b3_0
urllib3=1.26.18=pypi_0
vc=14.2=h21ff451_1
vc14_runtime=14.38.33130=h82b7239_18
vs2015_runtime=14.38.33130=hcb4865c_18
websocket-client=1.7.0=pypi_0
websockets=10.4=pypi_0
werkzeug=3.0.1=pypi_0
wheel=0.41.2=py310haa95532_0
wrapt=1.14.1=pypi_0
xz=5.4.5=h8cc25b3_0
yarl=1.9.4=pypi_0
zlib=1.2.13=h8cc25b3_0
